1 315 80 283 419  1
1 355 80 283 419  1
7 485 52 480 488 1 
7 670 20 665 675 1
1 825 114 820 830 1
4 870 20 870 870 -1
5 1070 114 970 1072 1
5 1175 16 1100 1177 1
1 1175 114 1175  1245 1
1 1215 114 1175 1245 1
4 1460 5 1407 1407 1
4 1423 0 1423 1423 -1
7 1505 88 1503 1507 1
8 1600 48 1312 1606 1
8 1640 16 1640 1700 -1
8 1675 16 1640  1680 1
1 1924 16 1904 1934 1
7 2090 85 2090 2090 1
7  2450 118 2470 2470 1
7 2300 118 2300 2300 1
4 2400 20 2400 2400 1
4 2700 20 2700 2700 1
7 2700 88 2700 2700 1
3 2740 48 -2740 9999 -1
4 3041 -5 3000 3000 1

1 2980 114 2948 3012 1
  
 
