0 16 112 8 120
0 256 32 128 144
0 160 32 336 112
0 160 32 496 80
0 160 32 656 48
0 32 32 816 144
0 32 32 880 112
0 26 96 944 114
0 160 32 1680 48
0 128 32 1632 144
0 32 32 1840 144
0 128 32 1024 144
0 80 32 1144 48
0 96 32 1200 144
0 96 16 1264 40
0 70 32 1315 112
0 288 5 1456 62
0 64 32 1408 144
0 70 32 1506 112

0 50 32 1929 48
0 32 32 2000 112
0 96 32 2096 112
0 92 96 2192 112
0 96 32 2288 144
0 64 32 2368 112
0 96 32 2448 144
0 96 32 2544 112
0 64 32 2624 144
0 64 32 2688 112
0 160 32 2800 80
0 96 32 2992 144
0 32 200 3070 144
1 32 16 1104 24
2 32 32 1088 151
3 16 96 1104 80
4 32 5 1078 75
3 16 128 1905 100
1 32 16 1905 35
4 32 5 1880 75
5 128 160 666 130
5 30 50 880 140
5 26 70 944 114
5 13 40 1752 80
5 13 108 1944 107
5 30 56 2065 140
5 30 56 2002 136
5 20 84 2228 130
5 20 93 2866 128


